Positive: [-0.192024, -0.970651, 0.720485]
Positive: [1.288477, -1.237261, -0.586178]
Positive: [1.312021, -1.228725, -0.458841]
Positive: [0.131441, -1.494910, -0.822630]
Positive: [0.555672, -1.577214, -0.944307]
Positive: [0.730054, -1.406779, -0.034006]
Positive: [0.929531, -1.279574, -0.653687]
Positive: [0.717458, -1.465538, -0.326445]
Positive: [0.050880, -1.625001, -0.600678]
Positive: [0.356253, -1.402140, -0.252335]
Positive: [1.297678, -1.230699, -0.538916]
Positive: [0.291977, -1.497029, 0.226337]
Positive: [0.996074, -1.392491, -0.694492]
Positive: [0.964639, -1.220737, -0.043879]
Positive: [0.950568, -1.022443, -0.612966]
Positive: [0.664484, -1.600863, -0.003956]
Positive: [0.113104, -1.313872, -0.318967]
Positive: [1.389961, -1.443520, -0.889698]
Positive: [-0.015689, -1.463878, 0.093071]
Positive: [0.361183, -1.665535, -0.664435]
Positive: [0.180500, -0.719536, 1.220464]
Positive: [0.938172, -1.635095, -0.094846]
Positive: [0.200478, -1.807612, -0.590536]
Positive: [0.518244, -1.026876, 0.803615]
Positive: [-0.219477, -1.472012, -0.632126]
Positive: [0.945851, -1.885317, -0.941777]
Positive: [0.157485, -1.582544, -0.345777]
Positive: [0.321391, -1.494956, 0.351686]
Positive: [0.177052, -1.373447, 0.076415]
Positive: [0.499621, -1.126684, 0.785397]
Positive: [0.258860, -1.291773, 0.699138]
Positive: [1.138974, -1.538073, -1.133262]
Positive: [0.293397, -1.538472, -0.424071]
Positive: [0.508811, -1.398106, 0.139987]
Positive: [0.304111, -0.925372, 0.702430]
Positive: [0.329009, -1.396796, -0.265219]
Positive: [0.531105, -0.637663, 0.227467]
Positive: [-0.179691, -0.914774, 0.511537]
Positive: [0.420353, -1.501911, -0.388682]
Positive: [0.793036, -1.478201, -0.105702]
Positive: [0.453848, -1.722611, -0.214310]
Positive: [0.772191, -1.368957, -0.633876]
Positive: [-0.273842, -1.509053, -0.548446]
Positive: [0.646551, -0.964572, 0.706541]
Positive: [0.247883, -1.630251, -0.149202]
Positive: [0.043280, -1.627662, -0.264024]
Positive: [0.844015, -1.065924, -0.060085]
Positive: [1.314081, -1.317874, -0.656443]
Positive: [0.012975, -1.406621, 0.239309]
Positive: [-0.273415, -1.330767, -0.349385]
Positive: [0.224193, -1.508806, -0.469034]
Positive: [-0.177553, -1.256436, 0.603240]
Positive: [0.639169, -1.667133, 0.186275]
Positive: [0.747438, -1.498438, 0.030600]
Positive: [0.152963, -1.896609, -0.462413]
Positive: [0.497779, -1.725158, -0.285841]
Positive: [1.068404, -0.894711, 0.290654]
Positive: [0.503566, -1.347599, 0.035664]
Positive: [0.680611, -1.157400, -0.065692]
Positive: [0.181851, -1.546195, -0.464078]
Positive: [0.727871, -1.127906, -0.384336]
Positive: [1.054174, -1.174333, -1.260725]
Positive: [0.260364, -0.946407, 0.944323]
Positive: [0.350367, -1.198242, 0.772370]
Positive: [0.364756, -1.117326, 0.385367]
Positive: [0.918210, -1.255915, -0.380278]
Positive: [0.487131, -1.385472, 0.271861]
Positive: [-0.172769, -1.758279, -0.812608]
Positive: [0.370848, -1.297020, 0.640980]
Positive: [1.021936, -1.039109, -0.487765]
Positive: [0.132117, -1.265554, -0.026593]
Positive: [0.508000, -1.705736, 0.109532]
Positive: [0.277826, -1.202432, 0.402727]
Positive: [0.239286, -1.582217, -0.043758]
Positive: [0.763919, -1.258352, -0.204025]
Positive: [1.177372, -0.867529, -0.340748]
Positive: [0.754775, -1.191348, 0.512899]
Positive: [0.339647, -0.943712, 0.721469]
Positive: [0.712887, -1.433063, -0.121255]
Positive: [0.691849, -1.857314, -0.092910]
Positive: [0.029218, -1.439954, -0.083113]
Positive: [1.051564, -1.065963, -0.307715]
Positive: [1.130540, -0.917140, -0.328430]
Positive: [0.802245, -1.482810, -0.229298]
Positive: [0.483103, -1.982009, -0.413826]
Positive: [0.416160, -1.493257, 0.128941]
Positive: [0.496027, -1.667831, -0.435178]
Positive: [0.649330, -1.571440, -0.334695]
Positive: [0.624051, -1.444250, -0.298840]
Positive: [0.102830, -1.353674, -0.194074]
Positive: [0.548179, -1.661857, -0.298991]
Positive: [1.448080, -1.333306, -0.876293]
Positive: [1.263724, -1.501258, -0.898584]
Positive: [1.217954, -1.134939, -0.336301]
Positive: [0.818097, -1.125125, -1.186838]
Positive: [0.055134, -1.028714, -0.077639]
Positive: [0.508025, -1.387988, 0.221672]
Positive: [0.362637, -1.663870, -0.488179]
Positive: [0.448640, -1.791446, -0.259000]
Positive: [1.043301, -1.654446, -0.308200]
Positive: [0.557529, -1.382922, 0.063113]
Positive: [0.405312, -1.217395, 0.961878]
Positive: [0.501555, -0.990246, 0.859339]
Positive: [0.319601, -1.453634, -0.013722]
Positive: [0.044955, -1.211781, -0.525037]
Positive: [0.975410, -1.152460, -0.223933]
Positive: [1.230702, -1.229174, -0.829465]
Positive: [1.033614, -1.046347, -0.549724]
Positive: [0.437844, -1.351952, -0.531343]
Positive: [0.063026, -1.360540, -0.247987]
Positive: [0.261991, -1.246082, -0.151810]
Positive: [0.958530, -0.811022, -0.140650]
Positive: [0.223963, -0.954009, 0.949706]
Positive: [0.158718, -1.924045, -0.319278]
Positive: [0.381250, -1.512678, 0.107806]
Positive: [0.709188, -1.154090, -0.161106]
Positive: [0.479671, -1.693027, -0.084939]
Positive: [0.450107, -1.719055, -0.004380]
Positive: [0.288781, -1.195184, 0.696387]
Positive: [0.842821, -1.171224, -0.935323]
Positive: [1.267138, -1.212464, -1.284182]
Positive: [0.372042, -1.180010, 0.111856]
Positive: [0.354077, -1.395828, 0.072450]
Positive: [0.440836, -1.402590, 0.006017]
Positive: [0.259087, -1.482781, -0.616203]
Positive: [0.270215, -0.701340, 0.995646]
Positive: [-0.179563, -1.191870, 0.254701]
Positive: [0.392698, -1.125880, 0.010938]
Positive: [-0.302429, -1.302906, -0.534125]
Positive: [0.617027, -1.227767, 0.307251]
Positive: [0.447756, -1.674413, 0.150868]
Positive: [0.685790, -1.528885, 0.080560]
Positive: [0.301230, -1.493220, 0.330296]
Positive: [0.150286, -1.354260, -0.234200]
Positive: [0.730656, -1.252708, -0.262394]
Positive: [0.409388, -0.885453, 0.976187]
Positive: [1.355175, -1.483845, -0.608363]
Positive: [0.135747, -1.383508, -0.000358]
Positive: [0.499019, -1.945845, -0.215099]
Positive: [1.086436, -1.253331, -0.652709]
Positive: [0.655948, -1.323134, 0.117737]
Positive: [0.672413, -1.762812, 0.096542]
Positive: [0.792403, -1.017547, -1.047103]
Positive: [1.117592, -1.256969, -0.866183]
Positive: [0.255588, -1.528080, -0.492797]
Positive: [0.337779, -1.236411, 0.476536]
Positive: [0.390056, -1.216913, 0.591918]
Positive: [0.336267, -1.224348, 0.747261]
Positive: [0.201631, -0.933805, 0.851553]
Positive: [0.917443, -1.662879, -0.435708]
Positive: [0.350051, -1.183294, 0.658913]
Positive: [0.293537, -0.723329, 1.114607]
Positive: [0.342539, -1.071434, -0.155263]
Positive: [-0.265655, -1.519919, -0.453858]
Positive: [0.479633, -1.983855, -0.285298]
Positive: [0.445562, -1.750765, 0.117891]
Positive: [1.019255, -1.530752, -0.192956]
Positive: [0.471335, -1.153844, 0.580686]
Positive: [0.519418, -1.110346, 0.742581]
Positive: [0.074601, -1.931015, -0.267247]
Positive: [0.073456, -1.039143, -0.029655]
Positive: [-0.086677, -1.417836, 0.332394]
Positive: [0.505463, -1.290850, -0.595070]
Positive: [-0.153804, -1.217657, 0.294594]
Positive: [0.622922, -1.452875, 0.423212]
Positive: [0.358228, -1.766907, 0.054520]
Positive: [1.079267, -1.165532, -1.244786]
Positive: [0.550007, -1.502549, -0.460565]
Positive: [0.424232, -1.171939, 0.877415]
Positive: [0.493499, -1.431179, 0.165351]
Positive: [0.456300, -1.503647, 0.164299]
Positive: [0.416872, -0.861237, 0.821332]
Positive: [0.134250, -1.515378, -0.836402]
Positive: [0.542954, -1.598444, -0.001919]
Positive: [0.524699, -0.915763, 0.308146]
Positive: [0.325083, -1.139244, 0.049278]
Positive: [0.378678, -1.615346, -0.296552]
Positive: [0.471553, -1.465448, 0.276959]
Positive: [0.877726, -1.626872, -0.226829]
Positive: [1.099841, -1.306421, -0.480890]
Positive: [0.939162, -1.739594, -0.236661]
Positive: [1.103140, -1.385331, -0.300945]
Positive: [1.029442, -1.358464, -0.472995]
Positive: [0.165961, -1.338856, -0.315158]
Positive: [0.335521, -1.215145, 0.689207]
Positive: [-0.126384, -0.966739, 0.545662]
Positive: [0.665885, -1.426860, 0.250688]
Positive: [0.401744, -1.052828, -0.319926]
Positive: [0.515670, -1.664754, -0.268696]
Positive: [0.119507, -1.343554, -0.199497]
Positive: [0.478599, -1.957863, -0.350923]
Positive: [0.211332, -0.980504, 0.936160]
Positive: [0.281463, -1.257076, 0.525407]
Positive: [0.163116, -0.956713, 0.895857]
Positive: [0.083288, -1.036779, -0.022769]
Positive: [0.308178, -0.664651, 1.032604]
Positive: [0.346129, -1.218816, 0.718775]
Positive: [0.830609, -1.264669, -0.246778]
Positive: [0.523879, -1.668981, 0.390917]
Positive: [0.006162, -1.323742, -0.397853]
Neutral: [-1.410822, 0.332727, -0.706308]
Neutral: [-1.640259, 0.258230, 0.397452]
Neutral: [-2.190446, 0.761766, -0.645032]
Neutral: [-1.393287, 0.360168, 0.443059]
Neutral: [-1.706642, 0.334142, 0.368684]
Neutral: [-0.826651, 0.195471, -0.541778]
Neutral: [-2.168190, -0.113867, -0.171085]
Neutral: [-1.366355, 0.184083, 0.468825]
Neutral: [-0.930239, 0.267092, 0.433540]
Neutral: [-0.701626, 0.030304, 1.044554]
Neutral: [-1.284728, -0.338842, 0.285610]
Neutral: [-1.383563, 0.313645, -0.501061]
Neutral: [-1.101376, 0.019740, 0.736536]
Neutral: [-1.284933, -0.131779, -0.634997]
Neutral: [-1.662334, 0.488942, -0.273901]
Neutral: [-1.761556, -0.056086, -0.208374]
Neutral: [-1.786183, 0.425114, -0.391941]
Neutral: [-2.053748, 0.895380, -0.764473]
Neutral: [-1.885547, 0.601917, -0.275039]
Neutral: [-0.967546, 0.099173, 0.781895]
Neutral: [-1.997993, 0.556336, -0.315911]
Neutral: [-1.194908, 0.161355, -0.548201]
Neutral: [-2.220278, 0.582376, -0.126285]
Neutral: [-2.502479, 0.924043, -0.888491]
Neutral: [-1.378339, 0.485999, -0.168205]
Neutral: [-1.314745, 0.228689, 0.477758]
Neutral: [-1.828326, 0.603896, -0.262124]
Neutral: [-1.034338, 0.095976, 0.580508]
Neutral: [-1.362269, 0.311515, 0.545275]
Neutral: [-1.493256, 0.474929, -0.303262]
Neutral: [-0.626397, 0.014461, 0.807329]
Neutral: [-1.968970, 0.445719, -0.229473]
Neutral: [-1.093586, 0.075076, 0.761841]
Neutral: [-1.020664, -0.387954, 0.730124]
Neutral: [-1.330263, 0.282569, 0.486543]
Neutral: [-1.918148, 0.616306, -0.616286]
Neutral: [-1.327809, 0.229134, 0.430021]
Neutral: [-1.780177, 0.309494, -0.030617]
Neutral: [-1.713389, 0.579118, -0.302873]
Neutral: [-1.801830, -0.231845, 0.146937]
Neutral: [-1.027195, 0.057168, 0.621894]
Neutral: [-1.618234, -0.279850, 0.193134]
Neutral: [-2.024262, 0.657400, -0.171902]
Neutral: [-1.966906, 0.190032, -0.373183]
Neutral: [-0.986757, 0.131486, 0.993686]
Neutral: [-1.070495, 0.054284, 0.817174]
Neutral: [-1.431428, 0.321644, -1.039418]
Neutral: [-1.543913, -0.304791, 0.390470]
Neutral: [-1.875764, -0.187048, 0.288892]
Neutral: [-1.846856, -0.144739, 0.062090]
Neutral: [-1.258606, 0.150329, 0.534079]
Neutral: [-2.087345, 0.768739, -0.382118]
Neutral: [-1.848192, -0.178969, 0.250172]
Neutral: [-1.640281, 0.574261, -0.180694]
Neutral: [-0.959430, 0.229313, 0.588168]
Neutral: [-2.002745, 0.676556, -0.341869]
Neutral: [-1.716717, 0.537907, -0.116087]
Neutral: [-1.357867, 0.547680, -0.900128]
Neutral: [-1.532236, 0.259157, 0.312859]
Neutral: [-1.742077, -0.149591, 0.062659]
Neutral: [-1.789552, 0.179595, 0.201798]
Neutral: [-2.225454, 0.658937, -0.579558]
Neutral: [-1.388004, 0.186481, -0.686634]
Neutral: [-1.654100, 0.239134, 0.030185]
Neutral: [-2.027317, 0.608099, -0.476743]
Neutral: [-1.620889, 0.584943, 0.147399]
Neutral: [-1.695461, -0.179087, -0.024792]
Neutral: [-1.081489, -0.004304, 0.949189]
Neutral: [-1.023850, 0.090736, 0.699959]
Neutral: [-1.657083, 0.162610, 0.384336]
Neutral: [-1.763524, 0.323573, -0.001443]
Neutral: [-1.977226, 0.649324, -0.458909]
Neutral: [-1.988389, 0.607896, -0.282357]
Neutral: [-1.931600, 0.257377, 0.114706]
Neutral: [-2.107499, 0.622257, -0.568438]
Neutral: [-1.473675, 0.379783, 0.440412]
Neutral: [-1.991876, -0.000176, -0.238618]
Neutral: [-1.813682, 0.170633, -0.409236]
Neutral: [-1.918678, -0.286281, 0.160727]
Neutral: [-0.986482, 0.099224, 0.274845]
Neutral: [-1.092238, 0.003711, 0.830172]
Neutral: [-1.412121, 0.212221, 0.566013]
Neutral: [-1.731509, 0.573584, -0.454518]
Neutral: [-1.665585, 0.397708, 0.382884]
Neutral: [-1.950603, 0.489559, -0.006590]
Neutral: [-1.294407, -0.059835, -0.679521]
Neutral: [-1.407739, 0.383859, -0.482214]
Neutral: [-1.326133, 0.221680, -0.654156]
Neutral: [-1.763752, 0.506218, -0.444954]
Neutral: [-1.991398, 0.250399, 0.232191]
Neutral: [-1.313958, -0.343400, 0.375180]
Neutral: [-1.860791, 0.011228, -0.174021]
Neutral: [-0.920178, 0.090972, 0.729624]
Neutral: [-1.430941, -0.067811, -0.503381]
Neutral: [-1.462272, 0.310613, -0.731237]
Neutral: [-1.301942, 0.558701, -0.203766]
Neutral: [-1.757029, 0.728858, -0.460478]
Neutral: [-1.814552, -0.146205, -0.074143]
Neutral: [-1.557525, 0.237347, 0.357921]
Neutral: [-1.768709, 0.537438, -0.934322]
Neutral: [-1.915885, 0.603213, -0.511094]
Neutral: [-0.746550, 0.047520, 0.848055]
Neutral: [-1.834457, 0.465269, 0.205421]
Neutral: [-1.066644, 0.055054, 0.642064]
Neutral: [-2.132301, 0.253748, -0.379557]
Neutral: [-1.060229, -0.074507, 0.614255]
Neutral: [-1.440716, 0.277344, 0.407466]
Neutral: [-1.346762, 0.070723, 0.775616]
Neutral: [-2.013968, 0.648646, -0.454752]
Neutral: [-2.032518, 0.574068, -0.164247]
Neutral: [-1.439253, 0.401269, -0.099451]
Neutral: [-1.873982, 0.236005, 0.191201]
Neutral: [-1.478520, -0.113962, -1.072634]
Neutral: [-1.711443, -0.129404, 0.074426]
Neutral: [-1.967592, 0.575965, -0.075490]
Neutral: [-1.878039, 0.504611, -0.226305]
Neutral: [-1.431016, 0.512541, -0.872371]
Neutral: [-1.032661, -0.043923, 0.738030]
Neutral: [-1.430608, -0.036568, -0.796757]
Neutral: [-2.288185, 0.199367, -0.364847]
Neutral: [-1.603418, 0.191432, 0.334277]
Neutral: [-1.324421, 0.123359, 0.512645]
Neutral: [-1.468797, 0.330284, 0.250003]
Neutral: [-1.686347, 0.509019, -0.141035]
Neutral: [-1.338137, 0.263086, -0.769540]
Neutral: [-0.891839, 0.129252, 0.688234]
Neutral: [-2.013519, 0.587128, -0.481566]
Neutral: [-2.086373, 0.807738, -0.671646]
Neutral: [-1.615620, 0.555191, -0.397562]
Neutral: [-1.772126, 0.422653, 0.504493]
Neutral: [-1.427646, 0.212420, 0.440072]
Neutral: [-0.855248, 0.143177, 0.473078]
Neutral: [-1.903931, -0.192973, 0.039018]
Neutral: [-1.294553, 0.206147, 0.537420]
Neutral: [-1.198701, 0.233440, -0.454575]
Neutral: [-1.671593, 0.358397, 0.108915]
Neutral: [-1.478957, 0.466538, -0.102162]
Neutral: [-1.982911, 0.722882, -0.536178]
Neutral: [-1.864687, 0.084011, -0.329356]
Neutral: [-1.294482, 0.170504, 0.418147]
Neutral: [-1.570350, 0.498241, -0.802143]
Neutral: [-1.637203, 0.212405, 0.407999]
Neutral: [-1.796191, 0.342973, 0.109806]
Neutral: [-0.975792, 0.060701, 0.487949]
Neutral: [-1.656458, 0.271077, 0.243838]
Neutral: [-1.040711, -0.027808, 0.674026]
Neutral: [-1.842680, -0.083847, -0.154221]
Neutral: [-1.870007, 0.532654, -0.355198]
Neutral: [-1.331922, -0.304697, -0.026001]
Neutral: [-1.572369, 0.398920, 0.335152]
Neutral: [-1.450996, 0.292943, 0.453152]
Neutral: [-1.595010, -0.207335, -0.191517]
Neutral: [-1.631408, -0.072136, -0.184363]
Neutral: [-1.371527, -0.266841, 0.227002]
Neutral: [-1.417916, -0.135368, 0.028715]
Neutral: [-2.237658, 0.793677, -0.124198]
Neutral: [-1.571521, 0.177810, 0.141199]
Neutral: [-1.237264, -0.318459, 0.306344]
Neutral: [-1.715744, 0.475674, -0.010712]
Neutral: [-1.466942, 0.292018, -0.697565]
Neutral: [-1.271995, 0.284462, 0.470609]
Neutral: [-1.972572, 0.275233, 0.206299]
Neutral: [-1.906258, 0.581934, -0.301734]
Neutral: [-2.044416, 0.719759, -0.711133]
Neutral: [-1.996771, -0.119278, -0.054929]
Neutral: [-1.027783, 0.027578, 0.831961]
Neutral: [-1.545770, 0.381977, -0.500268]
Neutral: [-1.653429, 0.235600, 0.286759]
Neutral: [-1.190618, 0.250179, -0.677568]
Neutral: [-1.465820, 0.497263, -0.935710]
Neutral: [-2.045339, 0.577793, -0.277197]
Neutral: [-1.263483, -0.312249, 0.140473]
Neutral: [-2.303984, 0.926796, -0.671539]
Neutral: [-2.132669, 0.815695, -0.770322]
Neutral: [-1.638793, 0.259677, 0.100187]
Neutral: [-2.465203, 1.003531, -0.997140]
Neutral: [-1.601217, 0.278108, 0.407471]
Neutral: [-1.551244, 0.385949, 0.124399]
Neutral: [-0.732200, 0.016047, 0.885102]
Neutral: [-1.039996, -0.009370, 0.885608]
Neutral: [-2.030451, 0.845117, -0.748961]
Neutral: [-1.602252, 0.306179, 0.349356]
Neutral: [-1.419843, 0.625577, -1.349700]
Neutral: [-1.122628, 0.188715, -0.634807]
Neutral: [-1.433680, 0.488956, 0.040565]
Neutral: [-1.240354, 0.214015, -0.285046]
Neutral: [-2.594047, 0.317038, -0.812501]
Neutral: [-1.796201, 0.309427, 0.403785]
Neutral: [-1.451570, -0.042738, -0.744355]
Neutral: [-1.363649, 0.131965, 0.673959]
Neutral: [-0.633078, 0.007099, 0.834364]
Neutral: [-1.416567, 0.148240, 0.106310]
Neutral: [-1.087675, 0.054490, 0.749981]
Neutral: [-1.790020, 0.742642, -0.688920]
Neutral: [-1.699835, 0.586972, -0.430891]
Neutral: [-2.050303, 0.395878, -0.174876]
Neutral: [-0.921245, 0.130113, 0.765417]
Neutral: [-1.366595, 0.332467, 0.616319]
Neutral: [-1.808521, 0.241785, 0.100217]
Neutral: [-2.001175, 0.585404, -0.077704]
Negative: [0.717257, 0.717152, 0.639187]
Negative: [1.586694, 0.920944, -0.633860]
Negative: [1.005995, 2.073554, -0.643849]
Negative: [0.838496, 1.130703, 0.427616]
Negative: [1.257941, 0.517008, -0.182856]
Negative: [1.377696, 0.744905, 0.487687]
Negative: [0.767183, 0.692704, 0.041271]
Negative: [1.108841, 0.639123, 0.496649]
Negative: [0.583344, 0.448118, 0.974854]
Negative: [1.561631, 0.630234, -0.253233]
Negative: [0.618652, 0.461261, 0.861136]
Negative: [0.542566, 0.627305, 0.060514]
Negative: [1.111108, 2.025222, -0.567464]
Negative: [1.004419, 1.722354, -0.130325]
Negative: [1.055542, 1.276136, 0.240513]
Negative: [0.688365, 1.394953, -0.016274]
Negative: [0.699013, 0.739217, 0.659354]
Negative: [1.347255, 0.966805, 0.068680]
Negative: [1.279205, 1.684712, -0.453779]
Negative: [0.712653, 0.893664, 0.625838]
Negative: [0.764930, 0.761052, 0.417979]
Negative: [1.205968, 1.341230, -0.419222]
Negative: [1.658150, 0.249199, -0.256281]
Negative: [0.603522, 0.420067, 0.892738]
Negative: [1.473890, 0.727318, -0.382819]
Negative: [1.031420, 1.238267, 0.322491]
Negative: [1.033426, 1.908688, -0.264513]
Negative: [1.358715, 0.885117, 0.366033]
Negative: [0.822559, 1.093782, 0.306916]
Negative: [0.815008, 1.765043, -0.324527]
Negative: [1.109243, 1.618065, -0.234443]
Negative: [2.206721, 0.652869, -0.391024]
Negative: [0.939108, 1.243608, 0.237086]
Negative: [1.196293, 2.040957, -0.203103]
Negative: [0.813854, 0.605484, 0.654033]
Negative: [1.827315, 0.667003, -0.458363]
Negative: [1.169624, 1.387094, -0.313536]
Negative: [0.797021, 0.762124, 0.592456]
Negative: [0.726361, 0.854116, 0.615416]
Negative: [0.970933, 1.543636, -0.228162]
Negative: [1.159120, 1.227411, 0.056628]
Negative: [0.627036, 0.457091, 0.955915]
Negative: [1.333845, 0.817218, 0.531388]
Negative: [1.571098, 0.603436, -0.394160]
Negative: [1.436841, 1.511978, -0.189252]
Negative: [1.041452, 2.015318, -0.184672]
Negative: [1.179637, 1.867213, 0.077071]
Negative: [0.761873, 1.718220, -0.432268]
Negative: [1.228154, 1.699793, 0.359928]
Negative: [1.532531, 0.534423, -0.228014]
Negative: [1.013797, 1.694833, -0.401451]
Negative: [1.517345, 1.272018, -0.209304]
Negative: [0.810982, 1.106259, 0.008749]
Negative: [1.159616, 1.044734, 0.237338]
Negative: [0.959562, 2.019354, -0.449770]
Negative: [0.850312, 0.629848, 0.526003]
Negative: [0.874668, 1.773134, -0.668101]
Negative: [0.767003, 0.749638, 0.589524]
Negative: [0.897257, 0.522611, 0.538650]
Negative: [1.059225, 0.749950, 0.550701]
Negative: [0.937760, 0.964652, 0.420017]
Negative: [1.384709, 0.314130, -0.074071]
Negative: [1.043794, 0.285804, 0.778444]
Negative: [1.278343, 1.549393, -0.411646]
Negative: [0.704005, 0.762193, 0.661728]
Negative: [1.008872, 1.922845, -0.468303]
Negative: [1.595317, 1.226743, -0.285955]
Negative: [0.889155, 1.707319, -0.470727]
Negative: [1.211772, 0.622715, 0.550040]
Negative: [1.380059, 0.822917, -0.455060]
Negative: [0.915433, 0.321300, 0.497391]
Negative: [0.791814, 1.817894, -0.288112]
Negative: [1.344188, 0.498479, -0.618859]
Negative: [0.844177, 1.946265, -0.454901]
Negative: [1.055867, 1.309867, 0.144122]
Negative: [0.612506, 0.414240, 0.975729]
Negative: [0.682174, 0.902430, 0.371884]
Negative: [0.802445, 1.938239, -0.385822]
Negative: [0.444247, 0.663553, 0.331513]
Negative: [0.418826, 0.292096, 0.813376]
Negative: [0.703053, 0.782038, 0.699807]
Negative: [0.737454, 0.772336, 0.927093]
Negative: [0.887366, 1.587395, -0.092077]
Negative: [1.117229, 1.729482, -0.708030]
Negative: [0.676746, 0.775993, 0.919057]
Negative: [1.377797, 1.608628, -0.267670]
Negative: [2.145675, 0.676848, -0.570968]
Negative: [1.119172, 1.166681, 0.060052]
Negative: [1.116202, 1.479534, 0.022920]
Negative: [0.757998, 0.908864, 0.523191]
Negative: [0.754951, 1.591991, -0.380363]
Negative: [1.043049, 1.033375, -0.018226]
Negative: [1.469727, 0.680711, -0.567062]
Negative: [1.047362, 1.144761, 0.210042]
Negative: [1.054371, 1.511155, -0.029755]
Negative: [1.009319, 1.786636, -0.304096]
Negative: [0.870842, 1.646579, -0.265843]
Negative: [0.978483, 1.111080, 0.403150]
Negative: [0.694536, 0.346752, 1.028079]
Negative: [0.654943, 0.449350, 0.598145]
Negative: [0.686610, 0.324379, 0.927288]
Negative: [0.978815, 0.296495, 0.791983]
Negative: [1.388825, 0.329441, -0.245815]
Negative: [0.911100, 1.652024, -0.324590]
Negative: [1.335140, 0.826266, 0.367625]
Negative: [0.637398, 0.427346, 0.771009]
Negative: [1.332804, 0.820382, 0.344324]
Negative: [1.348243, 1.236528, -0.050670]
Negative: [0.872884, 0.676553, 0.779975]
Negative: [0.912713, 1.167470, 0.115099]
Negative: [1.613529, 0.990834, -0.832793]
Negative: [0.896332, 2.080051, -0.551264]
Negative: [0.917953, 1.538035, 0.066269]
Negative: [1.144114, 1.382095, -0.467348]
Negative: [1.612301, 1.062011, -0.336202]
Negative: [1.416658, 1.204592, -0.010863]
Negative: [1.486946, 0.677446, -0.615255]
Negative: [1.011323, 1.354985, 0.016828]
Negative: [0.870418, 1.377026, 0.077368]
Negative: [0.966690, 1.656729, -0.408427]
Negative: [1.017402, 1.819649, -0.093038]
Negative: [0.943939, 1.037252, 0.395556]
Negative: [0.801266, 1.113866, 0.289730]
Negative: [1.412603, 0.709339, 0.275682]
Negative: [1.034317, 0.237736, 0.922548]
Negative: [1.184429, 1.677779, 0.085807]
Negative: [1.403066, 0.293900, 0.047321]
Negative: [0.736745, 1.875264, -0.557345]
Negative: [1.038699, 1.713430, -0.364265]
Negative: [1.008899, 0.308962, 0.858620]
Negative: [0.773537, 1.988733, -0.753690]
Negative: [0.943330, 0.412802, 0.739697]
Negative: [1.458281, 0.610169, -0.327176]
Negative: [1.363579, 1.578657, 0.117974]
Negative: [0.907352, 1.583032, -0.318477]
Negative: [0.980880, 0.292528, 0.930223]
Negative: [1.762983, 0.724548, -0.395762]
Negative: [0.517956, 0.493150, 1.014060]
Negative: [1.755912, 1.240315, -0.686839]
Negative: [1.098945, 1.970360, -0.295530]
Negative: [0.962160, 0.936830, 0.323738]
Negative: [0.684752, 1.708869, -0.288972]
Negative: [1.226573, 1.151116, 0.142833]
Negative: [1.614746, 0.843060, -0.377749]
Negative: [1.429478, 1.502065, -0.195306]
Negative: [1.000634, 1.845495, -0.481995]
Negative: [1.641597, 0.420724, -0.206496]
Negative: [0.771338, 0.736196, 0.557381]
Negative: [1.395842, 0.258993, -0.115181]
Negative: [1.030169, 1.515424, -0.053020]
Negative: [0.370495, 0.758989, 0.344629]
Negative: [0.650227, 0.944709, 0.283617]
Negative: [0.790443, 1.774695, -0.372489]
Negative: [1.101866, 1.493399, -0.008033]
Negative: [0.705036, 0.806592, 0.802507]
Negative: [0.859511, 0.622091, 0.705429]
Negative: [0.550327, 0.596821, 0.678704]
Negative: [0.958381, 1.442991, -0.213217]
Negative: [1.008222, 1.417231, -0.006103]
Negative: [1.135671, 1.939914, -0.202140]
Negative: [1.561223, 1.597286, -0.362118]
Negative: [0.510827, 0.412394, 1.255161]
Negative: [1.772318, 0.983064, -0.498308]
Negative: [1.271487, 1.273512, 0.014977]
Negative: [1.674786, 0.904293, -0.401512]
Negative: [0.704693, 1.362319, -0.188824]
Negative: [1.699414, 0.895529, -0.508958]
Negative: [0.559766, 0.485474, 1.103289]
Negative: [0.917253, 1.018208, 0.353703]
Negative: [1.184222, 1.587725, 0.069450]
Negative: [0.700864, 0.837133, 0.670479]
Negative: [0.583785, 0.395436, 1.187519]
Negative: [1.879720, 0.613866, -0.284363]
Negative: [0.614482, 0.483079, 1.075181]
Negative: [1.177466, 2.175040, -0.404046]
Negative: [0.739568, 0.764908, 0.583819]
Negative: [1.180312, 0.514393, 0.469074]
Negative: [1.188088, 1.660767, -0.518073]
Negative: [0.828184, 1.201587, 0.322534]
Negative: [1.571261, 0.551066, -0.441241]
Negative: [1.473474, 1.735174, -0.263612]
Negative: [0.807089, 1.766052, -0.232168]
Negative: [1.191277, 1.348479, -0.469143]
Negative: [0.960239, 1.724437, -0.359343]
Negative: [1.624579, 0.321322, -0.306057]
Negative: [1.266974, 0.795404, 0.565358]
Negative: [1.159686, 1.389230, -0.398418]
Negative: [1.126708, 1.252847, 0.004490]
Negative: [1.437240, 0.920414, -0.487083]
Negative: [0.989444, 0.341677, 0.874286]
Negative: [1.752222, 0.914095, -0.690929]
Negative: [1.038479, 1.368389, 0.118045]
Negative: [0.965923, 1.949765, -0.400038]
Negative: [0.599304, 0.454446, 0.924002]
Negative: [1.219255, 0.597689, 0.769532]
Negative: [0.997092, 1.282398, 0.365164]
Negative: [0.572412, 0.476972, 1.178260]
Negative: [1.724256, 0.204870, -0.392785]
Negative: [1.878071, 0.630164, -0.329426]
Negative: [0.949483, 1.998623, -0.609991]
